1,1,58,1
1,1,65,50,65,1
1,1,65,7,65,1
1,1,31,91,29,67,1
1,1,2,13,75,86,79,74,18,74,79,86,75,13,2,1
1,1,46,68,46,1
1,1,2,61,84,78,92,1
1,1,12,50,65,14,65,1
1,1,15,24,1
1,1,2,100,2,1
1,1,31,37,31,1
1,1,46,1
1,1,2,13,11,10,61,2,1
1,1,2,13,19,13,52,2,1
1,1,2,1
1,1,2,88,2,52,3,65,1
1,1,55,1
1,1,81,1
1,1,39,1
1,1,65,50,83,56,83,43,87,23,41,55,1
1,1,65,3,27,3,65,1
1,1,55,43,87,54,87,43,55,1
1,1,2,13,75,72,84,61,2,1
1,1,55,43,87,43,68,33,65,1
1,1,55,53,55,1
1,1,31,91,67,20,31,1
1,1,39,99,30,27,47,1
1,1,2,13,2,1
1,1,58,96,63,44,2,1
1,1,2,13,5,10,84,78,84,61,2,1
1,1,2,13,5,10,5,13,2,1
1,1,70,1
1,1,12,26,48,60,41,55,1
1,1,55,95,55,1
1,1,12,59,12,1
1,1,15,9,15,1
1,1,65,50,83,50,65,1
1,1,2,13,11,51,11,13,2,1
1,1,2,13,90,100,25,75,72,93,72,84,61,2,1
1,1,65,14,38,14,65,1
1,1,73,79,86,8,1
1,1,46,69,23,7,32,1
1,1,8,40,8,1
1,1,2,76,28,76,2,1
1,1,49,90,100,25,22,31,1
1,1,31,22,25,84,36,11,85,37,31,1
1,1,92,71,4,16,1
1,1,39,99,39,1
1,1,2,13,66,93,57,4,16,1
1,1,12,26,60,97,65,1
1,1,2,100,82,6,2,1
1,1,55,41,42,80,83,50,65,1
1,1,65,97,98,68,94,68,46,1
1,1,55,41,55,1
1,1,92,45,77,17,16,4,64,35,58,1
1,1,92,45,4,21,25,22,31,1
1,1,8,62,89,34,22,31,1
2,1,58,1
2,1,65,55,1
2,1,65,97,98,97,65,1
2,1,2,44,2,1
2,1,31,91,29,91,99,39,1
2,1,39,1
2,1,55,43,87,54,26,48,60,41,55,1
2,1,15,2,88,2,1
2,1,92,45,51,11,13,2,1
2,1,31,37,31,1
2,1,8,62,72,84,78,84,61,2,1
2,1,2,100,2,1
2,1,32,1
2,1,65,50,83,50,65,1
2,1,65,3,27,30,99,39,1
2,1,65,14,65,1
2,1,2,13,5,13,2,1
2,1,2,76,28,77,17,71,92,1
2,1,65,33,97,65,1
2,1,55,53,41,60,41,23,41,55,1
2,1,31,91,40,8,1
2,1,31,37,85,10,5,13,2,1
2,1,31,20,49,57,89,4,16,1
2,1,65,50,83,80,83,50,65,1
2,1,65,3,65,1
2,1,47,24,1
2,1,2,13,11,36,84,25,22,31,1
2,1,55,43,83,50,65,1
2,1,55,41,42,43,59,12,1
2,1,55,43,87,43,55,1
2,1,2,13,11,13,2,1
2,1,46,69,23,7,32,95,55,1
2,1,70,5,19,5,13,2,1
2,1,49,67,1
2,1,92,78,84,25,73,1
2,1,2,61,84,61,2,1
2,1,31,22,25,100,90,100,6,2,1
2,1,46,68,46,1
2,1,65,50,83,56,83,81,1
2,1,2,13,5,10,61,2,1
2,1,2,76,35,79,52,2,1
2,1,2,13,75,86,79,86,75,13,2,1
2,1,2,100,82,62,93,72,84,61,2,1
2,1,2,13,66,93,63,96,58,1
2,1,65,7,65,1
2,1,15,9,15,1
2,1,16,4,64,4,71,92,1
2,1,2,13,75,86,79,74,79,86,75,13,2,1
2,1,16,4,16,1
2,1,31,22,34,16,77,45,92,1
2,1,2,44,18,57,21,25,22,31,1
2,1,46,68,94,68,38,14,65,1
3,1,49,67,85,37,31,1
3,1,39,99,39,1
3,1,16,4,16,1
3,1,65,55,41,42,41,55,1
3,1,65,7,23,87,43,55,1
3,1,65,33,97,98,15,1
3,1,24,52,2,1
3,1,2,88,2,1
3,1,58,96,58,1
3,1,16,4,64,35,18,57,21,51,82,100,2,1
3,1,65,14,81,83,50,65,1
3,1,2,13,5,13,2,1
3,1,81,83,80,83,50,65,1
3,1,2,13,90,13,2,1
3,1,15,9,15,1
3,1,16,4,89,57,93,72,84,61,2,1
3,1,46,68,94,68,43,87,43,55,1
3,1,65,3,85,67,1
3,1,31,37,25,22,31,1
3,1,65,3,27,3,65,1
3,1,55,53,54,87,50,12,1
3,1,31,91,84,86,79,86,75,13,2,1
3,1,58,1
3,1,65,97,98,68,46,1
3,1,31,91,11,91,8,1
3,1,31,20,70,1
3,1,39,99,30,91,6,2,1
3,1,2,13,75,86,79,74,29,91,31,1
3,1,2,13,5,10,5,13,2,1
3,1,12,59,12,1
3,1,65,14,38,14,65,1
3,1,2,61,90,100,2,1
3,1,8,40,22,31,1
3,1,2,44,18,57,89,34,63,44,2,1
3,1,92,19,5,13,2,1
3,1,73,25,84,78,84,61,2,1
3,1,47,25,75,13,2,1
3,1,55,41,60,26,12,1
3,1,2,13,75,86,63,73,1
3,1,49,72,62,8,1
3,1,55,1
3,1,2,13,66,93,16,1
3,1,55,41,23,69,46,1
3,1,55,95,55,1
3,1,32,60,48,26,12,1
3,1,65,50,65,1
3,1,2,13,11,51,21,57,61,2,1
3,1,92,71,17,16,4,45,92,1
3,1,65,50,83,56,83,81,41,55,1
3,1,92,45,77,45,92,1
3,1,2,13,11,36,77,28,76,2,1
