1,1,120,5,164,22,164,284,44,124,184,144,37,66,223,1
1,1,138,211,96,298,148,22,164,120,1
1,1,120,26,120,1
1,1,79,100,39,100,192,202,254,95,211,238,76,1
1,1,120,112,264,134,212,205,266,205,5,1
1,1,120,23,44,42,1
1,1,5,292,161,118,186,49,1
1,1,187,1
1,1,138,211,259,234,59,224,240,41,164,120,1
1,1,280,184,273,138,1
1,1,79,100,200,185,79,1
1,1,225,1
1,1,120,21,141,120,1
1,1,120,164,153,164,120,1
1,1,284,205,73,280,1
1,1,120,109,204,42,1
1,1,79,185,248,29,173,96,30,297,149,1
1,1,110,289,68,106,76,1
1,1,120,164,41,122,1
1,1,138,174,161,72,63,289,138,1
1,1,296,1
1,1,120,169,90,209,210,1
1,1,284,134,295,79,1
1,1,5,265,5,1
1,1,49,220,218,220,49,1
1,1,223,68,223,1
1,1,120,124,219,181,277,73,280,1
1,1,120,112,285,112,120,1
1,1,120,164,232,148,292,161,118,182,33,289,110,231,128,231,209,210,1
1,1,284,44,42,1
1,1,113,1
1,1,138,211,149,240,15,129,94,122,1
1,1,79,100,261,221,141,120,1
1,1,138,174,281,170,121,1
1,1,120,250,75,124,37,17,37,44,42,1
1,1,215,141,120,1
1,1,138,125,76,238,34,172,210,1
1,1,79,198,221,119,211,138,1
1,1,187,262,204,140,61,88,16,202,141,120,1
1,1,138,118,172,118,138,1
1,1,76,165,14,247,177,247,138,1
1,1,57,145,93,85,243,62,111,225,1
1,1,79,100,192,103,120,1
1,1,120,140,258,120,1
1,1,256,272,62,111,225,1
1,1,138,83,78,162,211,138,1
1,1,76,166,76,1
1,1,76,166,132,166,76,1
1,1,120,115,24,88,100,79,1
1,1,138,211,149,170,149,1
1,1,122,94,122,1
1,1,12,40,52,38,166,76,1
1,1,49,220,49,1
1,1,138,236,132,127,132,166,76,1
1,1,79,150,51,111,183,48,1
1,1,120,164,131,164,120,1
1,1,210,108,54,12,166,76,1
1,1,120,109,75,109,120,1
1,1,120,124,114,84,42,1
1,1,167,51,272,256,202,141,120,1
1,1,225,203,254,107,98,1
1,1,120,164,41,213,41,164,120,1
1,1,85,157,173,225,1
1,1,120,109,181,222,66,35,210,1
1,1,210,209,207,227,189,1
1,1,167,51,167,1
1,1,76,166,136,166,76,1
1,1,284,205,73,171,87,5,1
1,1,120,163,84,42,1
1,1,158,144,206,191,35,210,1
1,1,138,174,224,174,138,1
1,1,120,164,9,98,152,270,135,137,76,1
1,1,120,115,24,115,120,1
1,1,120,164,9,102,9,164,120,1
1,1,138,211,30,297,81,297,149,1
1,1,76,165,76,1
1,1,235,62,245,85,1
1,1,122,129,286,287,94,122,1
1,1,187,10,187,1
1,1,76,166,47,166,76,1
1,1,223,66,143,210,1
1,1,120,258,197,5,1
1,1,229,93,200,185,79,1
1,1,223,32,242,64,175,278,142,288,165,76,1
1,1,49,182,186,49,1
1,1,57,74,57,1
1,1,210,69,299,110,289,138,1
1,1,138,174,139,43,254,159,254,174,138,1
1,1,138,174,254,234,98,1
1,1,120,112,264,8,264,112,120,1
1,1,268,238,76,1
1,1,5,252,5,1
1,1,222,1
1,1,138,125,291,125,138,1
1,1,238,190,12,201,1
1,1,179,189,227,130,56,207,209,210,1
1,1,120,250,214,250,120,1
1,1,120,258,19,258,7,73,280,1
1,1,138,289,137,76,1
1,1,280,70,84,290,218,220,49,1
1,1,155,1
1,1,120,258,197,116,285,195,109,120,1
1,1,120,233,252,50,252,5,1
1,1,79,226,293,155,1
1,1,120,217,80,283,120,1
1,1,138,125,101,64,175,11,1
1,1,120,250,6,250,120,1
1,1,76,165,38,263,193,58,13,1
1,1,138,174,224,59,224,174,138,1
1,1,223,64,175,64,276,76,1
1,1,49,249,49,1
1,1,210,246,210,1
1,1,79,226,293,155,1
1,1,138,211,123,211,138,1
1,1,120,109,176,277,246,3,269,76,1
1,1,179,71,207,216,210,1
1,1,122,67,194,122,1
1,1,215,260,215,141,120,1
1,1,57,97,57,1
1,1,45,228,86,218,220,49,1
1,1,49,220,218,160,143,133,143,210,1
1,1,49,220,218,206,11,126,69,210,1
1,1,79,100,261,29,248,29,173,225,1
1,1,223,32,242,64,175,40,211,138,1
1,1,138,287,257,199,98,1
1,1,122,121,36,224,174,138,1
1,1,235,243,235,1
1,1,76,165,38,278,38,251,164,120,1
1,1,76,137,267,38,278,142,101,125,138,1
1,1,49,220,218,53,84,42,1
1,1,275,81,78,279,138,1
1,1,138,174,139,147,96,211,138,1
1,1,122,121,92,257,194,4,138,1
1,1,5,252,50,31,50,252,5,1
1,1,79,226,274,5,1
1,1,33,168,33,1
1,1,76,269,241,253,25,69,210,1
1,1,138,247,138,1
1,1,296,28,296,1
1,1,49,91,143,2,138,1
1,1,210,209,231,209,210,1
1,1,76,137,267,60,271,132,166,76,1
1,1,11,156,276,237,220,49,1
1,1,79,226,293,46,272,117,1
1,1,13,241,13,1
1,1,210,69,126,18,132,146,296,1
1,1,49,220,218,86,180,113,1
1,1,76,188,255,135,82,76,1
1,1,113,180,239,180,104,227,189,1
1,1,296,255,296,1
1,1,120,164,232,148,22,164,120,1
1,1,120,164,153,152,102,95,211,138,1
1,1,223,32,105,77,210,1
1,1,76,166,294,271,60,154,211,138,1
1,1,76,137,300,76,1
1,1,210,209,89,209,104,218,220,49,1
1,1,27,209,104,58,13,1
1,1,296,28,178,125,138,1
1,1,296,230,132,271,60,20,60,271,132,166,76,1
1,1,280,37,44,42,1
1,1,210,209,56,207,209,210,1
1,1,76,166,132,271,132,166,76,1
1,1,210,246,208,55,137,76,1
1,1,57,97,80,97,57,1
1,1,225,111,183,111,225,1
1,1,76,137,267,196,126,69,25,69,210,1
1,1,275,65,120,1
1,1,138,236,282,236,271,244,136,166,76,1
1,1,122,81,99,177,247,151,201,1
2,1,120,5,164,22,164,138,211,149,30,12,201,286,213,96,211,138,1
2,1,12,166,76,1
2,1,158,73,258,120,1
2,1,120,164,284,44,124,184,49,186,49,1
2,1,79,185,248,51,167,51,111,183,48,245,85,1
2,1,120,112,264,171,87,212,10,250,120,1
2,1,138,211,41,164,120,1
2,1,187,7,73,280,1
2,1,120,164,153,295,141,202,256,272,117,107,98,1
2,1,280,184,124,44,42,1
2,1,138,211,123,211,138,1
2,1,79,198,79,1
2,1,284,134,204,262,200,185,79,1
2,1,189,1
2,1,79,100,229,16,117,1
2,1,120,21,141,120,1
2,1,284,205,280,37,44,42,1
2,1,215,141,120,1
2,1,5,265,5,1
2,1,79,185,141,120,1
2,1,120,109,205,124,44,23,220,49,1
2,1,225,261,221,141,120,1
2,1,27,1
2,1,138,273,218,186,118,138,1
2,1,110,156,11,206,191,35,210,1
2,1,284,205,73,280,1
2,1,49,186,118,172,118,138,1
2,1,120,164,232,148,292,182,33,289,68,106,76,1
2,1,122,121,240,279,289,138,1
2,1,79,100,39,167,51,167,1
2,1,138,211,149,170,149,1
2,1,120,141,202,141,120,1
2,1,189,227,66,84,42,1
2,1,223,66,223,1
2,1,120,250,233,252,285,6,250,120,1
2,1,138,125,76,166,12,275,30,129,286,174,138,1
2,1,57,214,80,31,50,252,5,1
2,1,79,100,192,100,79,1
2,1,215,260,215,141,120,1
2,1,120,140,120,1
2,1,138,289,63,242,32,223,1
2,1,120,164,232,148,298,148,22,164,120,1
2,1,120,169,5,1
2,1,138,83,138,1
2,1,12,54,12,166,76,1
2,1,76,166,76,1
2,1,138,125,291,125,138,1
2,1,222,181,87,5,1
2,1,138,174,138,1
2,1,120,115,120,1
2,1,79,226,293,155,1
2,1,120,26,111,62,111,225,1
2,1,5,292,5,1
2,1,122,129,94,122,1
2,1,49,249,210,143,91,49,1
2,1,79,150,117,16,202,141,120,1
2,1,120,112,285,112,120,1
2,1,120,164,131,220,49,1
2,1,120,23,44,42,1
2,1,238,268,238,76,1
2,1,120,109,75,109,120,1
2,1,120,109,195,109,120,1
2,1,76,166,136,110,56,207,209,210,1
2,1,120,169,161,292,5,1
2,1,238,34,172,118,72,118,138,1
2,1,225,203,100,79,1
2,1,79,100,261,29,198,293,155,98,1
2,1,225,173,157,173,225,1
2,1,138,211,149,240,41,164,120,1
2,1,120,164,41,213,41,164,120,1
2,1,120,109,181,124,44,42,1
2,1,138,236,230,194,67,78,83,138,1
2,1,210,143,45,1
2,1,33,1
2,1,5,252,285,10,97,57,1
2,1,120,163,7,71,44,42,1
2,1,120,140,61,97,80,97,74,57,1
2,1,138,174,224,59,199,98,1
2,1,120,164,9,152,79,1
2,1,223,64,218,220,49,1
2,1,122,81,297,166,76,165,76,1
2,1,235,95,211,138,1
2,1,122,121,36,224,174,138,1
2,1,120,258,197,5,1
2,1,138,287,257,92,121,1
2,1,223,32,242,114,84,42,1
2,1,138,211,149,240,15,41,164,120,1
2,1,280,184,144,184,120,1
2,1,138,174,139,43,59,224,174,138,1
2,1,138,174,139,147,92,123,188,28,137,76,1
2,1,284,205,266,210,143,210,1
2,1,76,188,255,135,82,282,236,138,1
2,1,238,190,238,76,1
2,1,223,64,175,64,104,207,209,210,1
2,1,120,103,140,61,145,120,1
2,1,138,83,78,83,138,1
2,1,138,211,259,234,46,293,155,1
2,1,155,1
2,1,223,32,105,207,216,207,209,206,218,220,49,1
2,1,138,211,30,297,149,1
2,1,76,137,76,1
2,1,120,217,120,1
2,1,284,205,73,219,124,44,42,1
2,1,284,44,42,1
2,1,138,125,101,269,20,60,271,132,166,76,1
2,1,138,174,254,174,138,1
2,1,138,90,280,1
2,1,120,141,202,93,200,185,79,1
2,1,296,1
2,1,79,100,88,283,120,1
2,1,256,272,221,119,211,138,1
2,1,138,211,14,211,138,1
2,1,225,111,225,1
2,1,113,209,210,1
2,1,138,174,281,59,224,174,138,1
2,1,179,1
2,1,76,137,300,20,271,132,166,76,1
2,1,76,269,13,58,13,1
2,1,49,220,218,220,49,1
2,1,280,70,280,1
2,1,120,164,9,102,95,162,211,138,1
2,1,79,226,293,234,98,1
2,1,13,241,294,271,60,271,132,166,76,1
2,1,11,156,11,1
2,1,120,109,176,109,120,1
2,1,5,252,50,8,264,112,120,1
2,1,225,111,183,111,225,1
2,1,210,143,133,143,210,1
2,1,49,220,218,290,66,35,210,1
2,1,210,209,207,77,128,231,209,210,1
2,1,284,205,73,277,191,126,69,210,1
2,1,235,243,235,1
2,1,138,174,254,159,254,174,138,1
2,1,120,258,19,258,120,1
2,1,49,220,218,53,84,42,1
2,1,210,209,128,231,209,207,276,76,1
2,1,76,165,38,166,76,1
2,1,138,4,255,142,101,125,138,1
2,1,79,226,274,5,1
2,1,122,194,122,1
2,1,33,168,33,1
2,1,76,166,47,166,76,1
2,1,138,247,138,1
2,1,138,287,257,194,122,1
2,1,138,2,28,178,125,138,1
2,1,122,81,99,123,211,138,1
2,1,76,137,135,299,207,104,17,37,44,42,1
2,1,48,245,85,1
2,1,13,241,126,69,210,1
2,1,138,4,177,247,138,1
2,1,76,137,267,137,180,113,1
2,1,13,237,220,49,1
2,1,120,115,24,115,120,1
2,1,296,255,296,1
2,1,76,165,38,278,108,210,1
2,1,120,258,197,116,197,258,120,1
2,1,76,137,55,196,3,269,76,1
2,1,76,166,294,166,76,1
2,1,210,246,3,18,126,69,210,1
2,1,49,220,218,86,180,104,209,89,130,56,207,209,210,1
2,1,76,165,38,52,38,106,68,223,1
2,1,210,69,25,253,25,69,210,1
2,1,76,165,288,154,211,138,1
2,1,76,166,132,271,60,193,289,138,1
2,1,210,246,208,246,210,1
2,1,296,40,251,164,120,1
2,1,296,146,296,1
2,1,122,81,270,166,76,1
2,1,296,230,94,122,1
2,1,76,137,267,196,55,137,76,1
2,1,76,166,132,127,20,271,244,136,166,76,1
2,1,275,65,120,1
2,1,210,263,189,1
2,1,49,220,218,86,228,130,160,218,220,49,1
2,1,113,180,239,86,130,56,207,209,210,1
2,1,138,247,151,247,138,1
3,1,120,5,164,153,164,232,240,41,164,120,1
3,1,13,1
3,1,120,164,22,164,284,134,103,120,1
3,1,138,174,254,95,162,211,138,1
3,1,79,1
3,1,138,118,138,1
3,1,120,112,264,112,120,1
3,1,284,44,37,66,35,156,11,1
3,1,138,211,76,165,76,1
3,1,16,202,141,120,1
3,1,187,10,250,140,120,1
3,1,280,184,49,220,218,66,206,218,220,266,205,5,1
3,1,284,134,212,87,5,1
3,1,120,21,150,51,167,1
3,1,284,205,124,44,42,1
3,1,138,4,138,1
3,1,120,141,202,256,202,93,200,185,79,1
3,1,120,140,61,145,265,50,24,252,233,120,1
3,1,225,261,29,111,225,1
3,1,12,166,76,1
3,1,138,174,139,94,122,213,41,164,120,1
3,1,120,283,116,197,258,120,1
3,1,120,169,5,1
3,1,284,205,212,44,42,1
3,1,284,134,295,79,1
3,1,120,109,120,1
3,1,284,205,73,205,204,42,1
3,1,85,1
3,1,120,124,181,124,44,42,1
3,1,122,129,122,1
3,1,189,25,69,126,69,210,1
3,1,284,44,42,84,42,1
3,1,122,81,297,149,1
3,1,120,109,75,109,120,1
3,1,120,141,202,21,150,79,1
3,1,138,211,149,240,224,36,121,166,76,1
3,1,223,182,210,1
3,1,210,108,210,1
3,1,120,164,232,148,298,9,102,199,98,1
3,1,238,76,1
3,1,238,34,172,118,138,1
3,1,138,125,291,125,138,1
3,1,215,198,46,293,155,1
3,1,187,262,204,42,1
3,1,49,186,210,143,210,1
3,1,138,211,96,211,138,1
3,1,48,100,79,1
3,1,120,250,120,1
3,1,57,214,258,19,258,120,1
3,1,79,100,192,202,200,185,79,1
3,1,138,174,254,174,138,1
3,1,120,164,232,148,298,118,172,118,138,1
3,1,138,83,138,1
3,1,49,249,49,1
3,1,76,166,287,94,122,1
3,1,222,181,23,44,42,1
3,1,120,115,24,88,100,79,1
3,1,210,263,246,177,99,123,211,138,1
3,1,79,226,293,155,1
3,1,49,220,131,63,289,138,1
3,1,49,220,218,160,91,114,84,42,1
3,1,113,105,32,223,1
3,1,120,145,233,252,5,1
3,1,138,174,224,59,224,174,138,1
3,1,120,109,195,171,42,1
3,1,120,164,9,102,9,164,120,1
3,1,120,169,161,238,268,238,76,1
3,1,120,217,50,8,264,112,120,1
3,1,225,203,281,174,138,1
3,1,210,69,77,210,1
3,1,225,173,225,1
3,1,210,143,133,237,276,207,209,210,1
3,1,120,112,285,116,197,258,120,1
3,1,167,51,272,117,183,111,225,1
3,1,120,163,70,280,1
3,1,138,273,138,1
3,1,76,166,142,278,108,210,1
3,1,122,121,170,149,1
3,1,49,220,218,86,239,180,104,227,77,216,210,1
3,1,235,62,226,274,5,1
3,1,122,129,286,129,122,1
3,1,113,180,113,1
3,1,120,258,197,5,1
3,1,79,100,261,221,48,245,85,1
3,1,229,16,117,1
3,1,138,211,149,240,15,41,164,120,1
3,1,280,184,144,262,26,120,1
3,1,79,100,261,29,248,185,79,1
3,1,138,125,101,247,138,1
3,1,138,279,78,83,138,1
3,1,138,211,119,211,138,1
3,1,138,174,254,234,98,1
3,1,238,190,1
3,1,76,106,76,1
3,1,179,71,44,42,1
3,1,138,289,138,1
3,1,223,68,289,175,64,218,220,49,1
3,1,122,194,257,92,247,177,247,138,1
3,1,210,209,207,209,210,1
3,1,76,137,132,271,60,20,60,271,132,166,76,1
3,1,210,35,191,35,210,1
3,1,76,137,300,20,270,166,76,1
3,1,5,252,50,252,5,1
3,1,284,205,73,219,181,277,73,280,1
3,1,120,164,41,164,120,1
3,1,49,220,218,53,84,42,1
3,1,120,250,6,285,10,97,57,1
3,1,201,296,267,125,138,1
3,1,76,137,267,60,154,211,138,1
3,1,296,28,188,123,211,138,1
3,1,138,236,147,96,211,138,1
3,1,225,173,157,173,225,1
3,1,296,28,188,255,127,20,271,244,33,1
3,1,138,247,151,127,20,52,38,166,76,1
3,1,79,185,79,1
3,1,79,100,39,100,79,1
3,1,223,64,175,289,138,1
3,1,110,289,138,1
3,1,76,137,267,196,55,137,76,1
3,1,138,211,30,149,1
3,1,120,109,176,45,56,207,209,210,1
3,1,122,67,162,65,275,122,1
3,1,225,111,62,111,225,1
3,1,11,156,241,13,1
3,1,98,107,254,43,59,224,174,138,1
3,1,215,260,45,1
3,1,76,137,135,194,257,194,122,1
3,1,235,243,62,226,293,155,1
3,1,210,209,231,209,210,1
3,1,138,174,254,159,254,174,138,1
3,1,76,166,136,166,76,1
3,1,5,292,161,169,90,280,1
3,1,13,237,276,207,104,17,37,44,42,1
3,1,122,121,92,149,1
3,1,76,165,38,3,269,13,242,32,223,1
3,1,275,122,1
3,1,57,74,214,50,31,50,252,140,7,73,280,1
3,1,138,289,193,168,33,1
3,1,138,211,259,211,138,1
3,1,57,97,80,97,57,1
3,1,76,166,47,146,255,236,282,236,138,1
3,1,113,180,239,246,210,1
3,1,76,188,28,2,138,1
3,1,210,69,25,69,126,55,137,76,1
3,1,76,166,294,271,251,164,120,1
3,1,138,118,72,118,138,1
3,1,138,211,14,211,138,1
3,1,158,1
3,1,138,211,30,297,149,1
3,1,76,166,132,166,76,1
3,1,296,40,12,1
3,1,296,230,269,76,1
3,1,210,209,89,130,56,207,209,210,1
3,1,13,58,52,60,271,132,166,76,1
3,1,210,209,128,189,227,290,218,220,49,1
3,1,189,227,189,1
3,1,296,28,178,55,288,165,76,1
3,1,27,276,237,271,60,127,132,166,76,1
3,1,210,69,25,253,25,69,210,1
3,1,122,94,122,1
3,1,120,164,153,152,153,164,120,1
3,1,12,54,136,300,82,76,1
3,1,49,91,114,228,114,84,42,1
3,1,223,32,69,126,208,246,210,1
3,1,110,299,110,18,126,69,210,1
3,1,189,227,130,56,207,209,210,1
3,1,13,237,276,76,1
