1,1,15,20,6,13,6,4,6,19,1
1,1,3,2,20,15,1
1,1,19,8,1
1,1,16,19,1
1,1,14,1
1,1,14,12,14,1
1,1,19,18,19,1
1,1,19,6,9,11,18,19,1
1,1,14,17,1
1,1,19,6,4,10,1
1,1,7,5,1
2,1,15,20,15,1
2,1,3,2,20,15,1
2,1,7,5,1
2,1,19,1
2,1,19,6,4,10,13,16,1
2,1,14,1
2,1,3,12,17,1
2,1,19,18,9,18,8,1
2,1,19,18,11,18,19,1
2,1,14,12,14,1
2,1,16,1
2,1,19,6,19,1
3,1,7,19,18,19,1
3,1,19,18,11,18,2,20,15,1
3,1,3,1
3,1,16,1
3,1,19,8,1
3,1,14,17,1
3,1,15,1
3,1,5,18,9,6,19,1
3,1,14,12,16,19,6,19,1
3,1,16,13,16,1
3,1,19,6,4,10,1
