1,1,47,26,1
1,1,28,45,9,27,20,42,43,1
1,1,31,1
1,1,47,11,8,15,1
1,1,47,46,10,1
1,1,31,13,37,40,31,1
1,1,39,23,10,1
1,1,47,14,33,42,1
1,1,47,38,24,1
1,1,26,44,26,1
1,1,20,6,25,12,1
1,1,29,50,39,1
1,1,47,36,31,1
1,1,31,40,37,49,2,31,1
1,1,32,21,10,1
1,1,47,38,3,32,30,50,39,1
1,1,32,19,23,12,1
1,1,12,4,7,18,40,31,1
1,1,47,36,8,41,5,1
1,1,31,2,31,1
1,1,29,22,41,29,1
1,1,31,27,7,20,1
1,1,47,14,48,17,35,31,1
1,1,47,34,16,31,1
2,1,47,31,1
2,1,31,27,2,31,1
2,1,31,2,49,33,42,1
2,1,31,35,40,12,1
2,1,17,5,13,31,1
2,1,10,1
2,1,26,1
2,1,47,38,23,10,1
2,1,47,15,21,38,24,1
2,1,12,25,6,12,1
2,1,45,28,1
2,1,12,4,7,20,1
2,1,31,40,18,40,31,1
2,1,26,44,26,1
2,1,29,50,39,1
2,1,29,41,8,19,32,1
2,1,47,43,1
2,1,20,1
2,1,47,16,11,8,29,1
2,1,47,38,3,32,1
2,1,42,33,48,14,40,31,1
2,1,29,22,30,36,31,1
2,1,47,14,37,40,31,1
2,1,47,34,8,29,1
2,1,47,46,39,1
2,1,45,9,45,28,1
3,1,47,26,1
3,1,28,45,9,27,20,25,12,1
3,1,47,15,1
3,1,32,19,23,10,1
3,1,47,46,10,1
3,1,42,1
3,1,31,1
3,1,39,8,36,2,31,1
3,1,47,43,24,1
3,1,47,34,49,2,31,1
3,1,26,44,27,37,40,31,1
3,1,31,27,18,40,31,1
3,1,47,38,32,30,11,22,41,29,1
3,1,17,40,31,1
3,1,39,50,29,1
3,1,42,33,49,2,31,1
3,1,32,19,32,21,3,1
3,1,12,6,4,7,20,1
3,1,47,14,35,31,1
3,1,47,16,34,5,1
3,1,47,14,48,14,40,31,1
3,1,29,41,5,13,31,1
