1,1,21,1
1,1,82,1
1,1,18,1
1,1,68,4,21,1
1,1,82,95,82,1
1,1,53,1
1,1,53,6,1
1,1,82,32,2,91,1
1,1,82,99,79,1
1,1,48,1
1,1,82,36,82,1
1,1,61,44,1
1,1,96,1
1,1,82,11,83,19,82,1
1,1,91,24,91,1
1,1,28,13,100,1
1,1,28,14,85,28,1
1,1,96,58,80,82,1
1,1,28,12,100,1
1,1,27,63,14,28,1
1,1,87,1
1,1,2,74,2,1
1,1,28,14,10,84,72,100,1
1,1,93,1
1,1,2,74,23,35,14,28,1
1,1,53,83,54,62,18,1
1,1,69,1
1,1,28,14,64,29,43,100,1
1,1,100,72,100,1
1,1,38,34,31,74,91,1
1,1,2,33,16,3,100,1
1,1,53,92,77,6,1
1,1,82,55,82,1
1,1,53,78,65,66,71,74,91,1
1,1,91,24,20,24,91,1
1,1,82,97,98,22,79,1
1,1,53,6,77,50,36,88,36,82,1
1,1,96,58,75,58,47,82,1
1,1,82,36,37,86,56,36,82,1
1,1,2,81,3,16,1
1,1,26,9,44,1
1,1,82,45,82,1
1,1,82,36,25,36,82,1
1,1,2,74,66,74,91,1
1,1,82,97,57,97,82,1
1,1,53,42,1
1,1,15,1
1,1,73,39,18,1
1,1,2,74,31,74,2,1
1,1,2,74,67,66,74,91,1
1,1,79,51,79,1
1,1,68,52,95,82,1
1,1,13,90,13,1
1,1,28,14,59,14,28,1
1,1,2,74,76,89,82,1
1,1,82,89,17,89,82,1
1,1,2,74,60,94,1
1,1,2,74,66,30,66,74,91,1
1,1,2,33,16,46,13,70,1
1,1,82,95,7,95,82,1
1,1,100,72,84,72,100,1
1,1,68,56,37,40,37,36,82,1
1,1,82,36,41,36,82,1
1,1,2,74,76,8,49,91,1
1,1,2,74,5,74,91,1
2,1,21,82,18,77,92,7,41,78,41,36,82,1
2,1,48,61,93,100,91,1
2,1,13,1
2,1,82,11,95,82,1
2,1,100,43,85,28,1
2,1,87,70,59,14,28,1
2,1,53,6,1
2,1,87,70,87,1
2,1,96,77,6,1
2,1,82,36,82,1
2,1,44,1
2,1,28,85,28,1
2,1,2,74,4,21,1
2,1,28,14,16,3,67,66,74,91,1
2,1,91,24,46,31,74,91,1
2,1,2,74,56,36,82,1
2,1,2,33,16,1
2,1,82,95,32,82,1
2,1,28,12,31,74,91,1
2,1,82,36,41,36,82,1
2,1,100,72,100,1
2,1,91,65,91,1
2,1,82,45,80,62,18,1
2,1,61,1
2,1,100,72,84,72,100,1
2,1,53,6,77,50,47,82,1
2,1,82,36,37,79,89,82,1
2,1,2,74,66,5,74,91,1
2,1,68,94,76,8,76,74,91,1
2,1,2,74,66,30,66,74,91,1
2,1,2,74,23,35,29,14,28,1
2,1,2,81,71,74,91,1
2,1,68,52,68,1
2,1,82,55,57,97,82,1
2,1,2,74,31,34,90,13,1
2,1,82,97,57,79,98,41,36,82,1
2,1,96,58,73,54,39,18,1
2,1,2,74,60,74,91,1
2,1,82,99,49,91,1
2,1,69,25,36,82,1
2,1,26,1
2,1,96,58,75,39,18,1
2,1,28,14,64,14,28,1
2,1,82,36,37,40,86,56,36,82,1
2,1,28,14,10,23,90,38,20,24,91,1
2,1,79,17,89,82,1
2,1,82,36,88,19,82,1
2,1,53,42,53,1
2,1,100,3,16,9,44,1
2,1,27,63,14,28,1
2,1,15,1
2,1,2,74,76,74,91,1
2,1,82,89,22,51,79,1
2,1,53,83,18,1
3,1,21,82,53,6,1
3,1,26,100,1
3,1,48,61,1
3,1,82,99,8,38,1
3,1,93,61,44,1
3,1,91,74,91,1
3,1,82,97,82,1
3,1,87,70,72,100,1
3,1,53,6,47,82,1
3,1,96,42,82,1
3,1,2,1
3,1,27,23,74,91,1
3,1,28,12,31,74,91,1
3,1,91,24,3,16,1
3,1,28,12,31,71,74,91,1
3,1,82,11,95,82,1
3,1,82,32,25,69,1
3,1,53,92,77,6,1
3,1,53,6,77,50,80,58,75,73,45,82,1
3,1,82,45,62,39,18,1
3,1,100,72,84,72,100,1
3,1,18,36,82,1
3,1,53,83,62,18,1
3,1,82,36,88,7,41,78,41,36,82,1
3,1,94,55,11,95,82,1
3,1,2,74,66,67,74,91,1
3,1,82,95,7,68,97,57,97,82,1
3,1,68,97,57,79,1
3,1,44,9,85,43,100,1
3,1,100,3,46,31,74,91,1
3,1,82,55,65,91,1
3,1,82,36,41,19,82,1
3,1,2,81,5,60,74,91,1
3,1,21,4,21,1
3,1,2,74,66,30,76,74,91,1
3,1,53,6,77,50,80,82,1
3,1,28,14,28,1
3,1,68,56,37,36,82,1
3,1,2,74,5,89,82,1
3,1,18,39,54,58,96,1
3,1,68,52,95,82,1
3,1,28,14,10,15,1
3,1,13,29,14,28,1
3,1,28,14,64,14,28,1
3,1,82,36,37,40,37,36,82,1
3,1,2,74,31,34,20,24,91,1
3,1,13,90,33,74,91,1
3,1,28,14,59,63,14,28,1
3,1,68,98,41,36,82,1
3,1,82,89,22,79,1
3,1,28,14,35,14,28,1
3,1,2,74,76,8,49,91,1
3,1,68,56,86,56,68,1
3,1,82,89,17,89,82,1
3,1,79,51,79,1
