1,1,7,13,1
1,1,17,20,17,1
1,1,17,23,9,16,29,1
1,1,5,2,1
1,1,30,4,30,1
1,1,2,14,2,1
1,1,29,1
1,1,29,3,18,22,24,1
1,1,30,25,15,30,13,1
1,1,17,28,17,1
1,1,30,4,6,4,30,1
1,1,12,1
1,1,17,21,10,1
1,1,30,26,30,1
1,1,10,27,17,1
1,1,11,1
1,1,19,8,13,1
2,1,11,17,1
2,1,2,1
2,1,17,23,10,1
2,1,18,29,1
2,1,30,12,9,13,1
2,1,2,14,2,1
2,1,30,4,30,1
2,1,5,28,17,1
2,1,13,1
2,1,30,4,6,19,8,7,13,1
2,1,17,27,22,10,1
2,1,17,21,27,3,29,1
2,1,17,20,17,1
2,1,30,26,25,15,30,1
2,1,29,16,29,1
2,1,24,1
3,1,13,1
3,1,10,1
3,1,17,1
3,1,7,13,1
3,1,12,22,10,1
3,1,30,1
3,1,30,4,26,30,1
3,1,5,2,1
3,1,29,23,9,13,1
3,1,11,16,20,17,1
3,1,30,25,26,6,4,30,1
3,1,30,15,28,17,1
3,1,18,8,19,1
3,1,24,1
3,1,29,3,29,1
3,1,17,27,21,17,1
3,1,2,14,2,1
